AT+VTS=[784,784,20]
AT+VTS=[739,739,20]
AT+VTS=[784,784,40]

AT+VTS=[587,587,20]
AT+VTS=[523,523,20]
AT+VTS=[587,587,40]

AT+VTS=[784,784,20]
AT+VTS=[739,739,20]
AT+VTS=[784,784,40]

AT+VTS=[493,493,20]
AT+VTS=[440,440,20]
AT+VTS=[493,493,40]

AT+VTS=[784,784,20]
AT+VTS=[739,739,20]
AT+VTS=[784,784,40]

AT+VTS=[392,392,20]
AT+VTS=[440,440,20]
AT+VTS=[493,493,40]
AT+VTS=[554,554,40]

AT+VTS=[587,587,20]
AT+VTS=[554,554,20]
AT+VTS=[587,587,20]
AT+VTS=[659,659,20]
AT+VTS=[587,587,20]
AT+VTS=[739,739,20]
AT+VTS=[587,587,20]  
AT+VTS=[784,784,20]
